Index--Christensen

Elda 825
Elda Lucille 828
Ellen Virginia 559
Ellis Bruce 798
Ellis Myron 795
Elmer 353, 428, 429, 438,
445,452,473, 699, 831,
. 873
Elmer Giles 485, 686
Elora 353, 385, 443,
676, 686, 699, 766
Else (Elsie K.) 218,
228, 247, 259, 265, 266,
274,279, 282, 290, 292,
295, 297, 302, 314, 317,
324, 325, 329, 331, 333,
338, 340, 343, 354, 357,
362, 364, 375, 376, 385,
389, 392, 394, 396, 398,
400, 407, 408, 418, 420,
442,443, 449,451,452,
453,456, 458, 464, 467,
485, 514, 533, 541, 578,
580, 592, 603, 606, 608,
610, 623, 626, 641, 643,
649, 656, 670, 672, 674,
675, 699, 714, 724, 740,
771,975, 976,977,981
Else Cathrine 454
Else Kathrine 248
Elsie (Elsie K..) 260, 297,
329, 334, 346, 365, 415,
491, 517, 591, 593,650,
669
Elsie (1908) 383, 689°
Elsie Eliza-490, 509, 819
Elvena (Clark) 299, 400,
411,414,416, 441,451,
582, 595, 607, 610, 627,
649, 650, 653, 656, 662,
667
Emma (Emma Eliza) 265,
335, 346, 364, 593, 601,
650.
Farrald 381, 438, 452,
484,485, 766, 830, 874

1002

Farrald DeLong 483,
829, 831

Florence 411, 429, 452,
618, 623, 624, 815, 872

Florence Kay 801

Florence LaFaun 351,
434, 444, 596, 608, 623,
624, 716, 719, 741, 742,
743,798, 819

Florence M. 610, 625

Freda (D.) 894, 895

Gail Myron 797

Gary LaVell 702

Gaylene 797

George 596

George Ludvig 285

Gerald Ray 830, 831,981

Giles Elmer 483, 686

Gladys 381,630, 633, 635,
636, 637, 638, 639, 641,
642, 644, 646, 647, 817,
823, 825, 889,910, ol,
913

Glena 823

Glena Joy 895, 896

Gloria 685

Gordon 438, 484, 874

Gordon Larsen 411,
483, 873

Grace 629, -630, 637, 641,
642, 644, 645, 819, 822,
823—

Gwen 574, 865, 869, 870

Hale 550, 551, 653,771,
772, 773, 804, 806, 807,
808, 809, 810, 811, 812,
814,815, 816, 859, 934

Henry Marvin 411, 854,

856

Herma 451, 521

Herma Keller 683

Ina 801 —

Inger Cathrine 63

Inger Elora 483, 685,

- 724

James. Allen 895, 896
